((("val" .
   [2 0 0])
  ("properties" .
   [1 0 0 0 0 0 0 0 0 0])
  ("eqData" .
   [1 0 0 0 0 0])
  ("if" .
   [1 0])
  ("return" .
   [1 0 0 0 0 0])
  ("default" .
   [1 0 0 0 0 0 0])
  ("s1" .
   [1 0])
  ("room" .
   [3 0 0 0])
  ("Reverb" .
   [1 0 0 0 0 0])
  ("pan" .
   [3 0 0])
  ("rate" .
   [4 0 0 0])
  ("stretch" .
   [1 0 0 0 0 0 0])
  ("free" .
   [2 0 0 0])
  ("boot" .
   [1 0 0 0])
  ("mag" .
   [3 0 0])
  ("lat" .
   [2 0 0])
  ("full" .
   [1 0 0 0])
  ("np" .
   [1 0])
  ("eq_list" .
   [1 0 0 0 0 0 0])
  ("eq" .
   [2 0])
  ("header" .
   [0 0 0 1 0 0])
  ("read_csv" .
   [0 0 0 0 0 1 0 0])
  ("pd" .
   [1 0])
  ("eq_data" .
   [2 0 0 0 0 0 0])
  ("props" .
   [1 0 0 0 0])
  ("this" .
   [5 0 0 0])
  ("visible" .
   [1 0 0 0 0 0 0])
  ("none" .
   [1 0 0 0])
  ("tw" .
   [1 0])
  ("const" .
   [2 0 0 0 0])
  ("let" .
   [1 0 0])
  ("region" .
   [3 0 0 0 0 0])
  ("output" .
   [0 0 0 1 0 0])
  ("PGA" .
   [1 0 0])
  ("portfolio_" .
   [0 0 0 1 0 0 0 0 0 0])
  ("main" .
   [1 0 0 0])
  ("sample" .
   [1 0 0 0 0 0])
  ("portfolio_data" .
   [0 0 0 0 0 0 0 0 0 0 0 1 0 2])
  ("palert" .
   [1 0 0 0 0 0])
  ("clear" .
   [1 0 0 0 0])
  ("sig" .
   [0 0 1])
  ("setq" .
   [4 0 0 0])
  ("soil_amp" .
   [0 0 0 0 0 0 0 1])
  ("pga" .
   [1 0 0])
  ("vs30_value" .
   [1 0 1 0 0 0 0 0 0 0])
  ("pgas" .
   [1 0 0 0])
  ("eq_lon" .
   [1 0 0 0 0 0])
  ("var" .
   [1 0 0])
  ("name" .
   [2 0 0 0])
  ("country" .
   [2 0 0 0 0 0 0])
  ("postln" .
   [1 0 0 0 0 0])
  ("Earthquakes" .
   [2 0 0 0 0 0 0 0 0 0 0])
  ("earthquakes" .
   [1 0 0 0 0 0 0 0 0 0 0])
  ("setState" .
   [1 0 0 0 0 0 0 0])
  ("loading" .
   [1 0 0 0 0 0 0])
  ("true" .
   [1 0 0 0])
  ("Earthquake" .
   [1 0 0 0 0 0 0 0 0 0])
  ("Faq_cn" .
   [1 0 0 0 0 0])
  ("lon" .
   [2 0 0])
  ("a0val" .
   [1 0 0 0 0])))
